%YAML:1.0
calibration_time: "Sat May 26 12:38:13 2018"
image_width: 640
image_height: 480
board_width: 9
board_height: 6
square_size: 26.
flags: 0
camera_matrix: !!opencv-matrix
   rows: 3
   cols: 3
   dt: d
   data: [ 8.6140702901296027e+02, 0., 3.2324049091782535e+02, 0.,
       8.3086714228541780e+02, 2.5605035868808250e+02, 0., 0., 1. ]
distortion_coefficients: !!opencv-matrix
   rows: 5
   cols: 1
   dt: d
   data: [ 5.7266870211531921e-02, 2.8235799776895187e+00,
       1.2242791775098842e-02, 1.0837779301786627e-02,
       -4.5038945063511029e+01 ]
avg_reprojection_error: 1.7478041123320345e-01
